{"producer":{"name":"Blender","version":"2.78 (sub 0)","exporter_version":"5.6.2","file":"walkeruntitled.babylon"},
"autoClear":true,"clearColor":[0.0509,0.0509,0.0509],"ambientColor":[0,0,0],"gravity":[0,-9.81,0],
"materials":[{"name":"walkeruntitled.ely_vanguardsoldier_kerwinatienza_M","id":"walkeruntitled.ely_vanguardsoldier_kerwinatienza_M","ambient":[1,1,1],"diffuse":[0.8,0.8,0.8],"specular":[0.25,0.25,0.25],"emissive":[0,0,0],"specularPower":103,"alpha":1,"backFaceCulling":true,"checkReadyOnlyOnce":false,"maxSimultaneousLights":4, 
"diffuseTexture":{"name":"ely-vanguardsoldier-kerwinatienza_diffuse.png","level":1,"hasAlpha":1,"coordinatesMode":0,"uOffset":0,"vOffset":0,"uScale":1,"vScale":1,"uAng":0,"vAng":0,"wAng":0,"wrapU":1,"wrapV":1,"coordinatesIndex":0}, 
"bumpTexture":{"name":"ely-vanguardsoldier-kerwinatienza_normal.png","level":0.35,"hasAlpha":1,"coordinatesMode":0,"uOffset":0,"vOffset":0,"uScale":1,"vScale":1,"uAng":0,"vAng":0,"wAng":0,"wrapU":1,"wrapV":1,"coordinatesIndex":0}, 
"specularTexture":{"name":"ely-vanguardsoldier-kerwinatienza_specular.png","level":1,"hasAlpha":1,"coordinatesMode":0,"uOffset":0,"vOffset":0,"uScale":1,"vScale":1,"uAng":0,"vAng":0,"wAng":0,"wrapU":1,"wrapV":1,"coordinatesIndex":0}}],
"multiMaterials":[],
"skeletons":[{"name":"Armature","id":0,"dimensionsAtRest":[86.0613,95.2971,15.4796],"bones":[
{"name":"mixamorig:Hips","index":0,"matrix":[0.9905,0.099,0.0956,0,-0.0864,0.9881,-0.1275,0,0.107,-0.118,-0.9872,0,2.4352,42.1585,0.0414,1],"rest":[1,0,0,0,0,1,0,0,0,0,-1,0,-0.0278,47.2188,-0.3394,1],"parentBoneIndex":-1,"length":5.4085
,"animation":{"dataType":3,"framePerSecond":30,"keys":[
{"frame":1,"values":[0.9905,0.099,0.0956,0,-0.0864,0.9881,-0.1275,0,0.107,-0.118,-0.9872,0,2.4352,42.1585,0.0414,1]},
{"frame":2,"values":[0.9903,0.1068,0.0883,0,-0.0973,0.9895,-0.1066,0,0.0987,-0.097,-0.9904,0,2.0981,42.5714,0.6015,1]},
{"frame":3,"values":[0.9908,0.1096,0.0789,0,-0.102,0.9902,-0.0956,0,0.0886,-0.0867,-0.9923,0,1.84,42.5923,1.2073,1]},
{"frame":4,"values":[0.9921,0.1084,0.0639,0,-0.1021,0.9902,-0.095,0,0.0736,-0.0877,-0.9934,0,1.6641,42.3105,1.8404,1]},
{"frame":5,"values":[0.9936,0.1047,0.043,0,-0.1,0.99,-0.0999,0,0.053,-0.0949,-0.9941,0,1.5536,41.8305,2.4706,1]},
{"frame":6,"values":[0.9948,0.1001,0.0192,0,-0.0976,0.9897,-0.105,0,0.0295,-0.1026,-0.9943,0,1.4767,41.164,3.0402,1]},
{"frame":7,"values":[0.9956,0.0941,-0.0048,0,-0.0941,0.9896,-0.1085,0,0.0054,-0.1084,-0.9941,0,1.4328,40.2678,3.4461,1]},
{"frame":8,"values":[0.9959,0.0848,-0.0298,0,-0.0876,0.9899,-0.1113,0,-0.0201,-0.1134,-0.9933,0,1.4637,39.0729,3.5815,1]},
{"frame":9,"values":[0.9955,0.0735,-0.0596,0,-0.0801,0.9899,-0.1166,0,-0.0504,-0.1209,-0.9914,0,1.6077,37.6612,3.4393,1]},
{"frame":10,"values":[0.9933,0.062,-0.0977,0,-0.0745,0.9888,-0.1294,0,-0.0886,-0.1358,-0.9868,0,1.8565,36.1653,2.9962,1]},
{"frame":11,"values":[0.9884,0.0525,-0.1429,0,-0.0745,0.9854,-0.1529,0,-0.1327,-0.1618,-0.9779,0,2.1621,34.6189,2.2002,1]},
{"frame":12,"values":[0.9814,0.0455,-0.1863,0,-0.0801,0.9798,-0.183,0,-0.1742,-0.1945,-0.9653,0,2.4916,32.9944,1.0138,1]},
{"frame":13,"values":[0.9757,0.0432,-0.2149,0,-0.0887,0.9744,-0.2066,0,-0.2005,-0.2206,-0.9545,0,2.8142,31.396,-0.3411,1]},
{"frame":14,"values":[0.9738,0.05,-0.2219,0,-0.0982,0.9724,-0.2117,0,-0.2052,-0.2279,-0.9518,0,3.1294,30.2809,-1.4216,1]},
{"frame":15,"values":[0.9751,0.0588,-0.214,0,-0.1027,0.9743,-0.2003,0,-0.1967,-0.2173,-0.9561,0,3.4927,29.848,-2.289,1]},
{"frame":16,"values":[0.977,0.0655,-0.2027,0,-0.1038,0.9773,-0.1846,0,-0.186,-0.2014,-0.9617,0,3.8369,30.1881,-2.7585,1]},
{"frame":17,"values":[0.979,0.0664,-0.1925,0,-0.101,0.9792,-0.1758,0,-0.1768,-0.1916,-0.9654,0,4.1023,31.2842,-2.8855,1]},
{"frame":18,"values":[0.982,0.0594,-0.1791,0,-0.0912,0.9804,-0.1745,0,-0.1652,-0.1877,-0.9682,0,4.4567,32.9659,-2.8646,1]},
{"frame":19,"values":[0.9862,0.0443,-0.1598,0,-0.072,0.9824,-0.1725,0,-0.1493,-0.1816,-0.972,0,4.9163,34.9833,-2.8718,1]},
{"frame":20,"values":[0.99,0.0218,-0.139,0,-0.0447,0.9854,-0.1641,0,-0.1334,-0.1687,-0.9766,0,5.4471,37.0729,-3.0043,1]},
{"frame":21,"values":[0.9924,-0.0056,-0.1229,0,-0.0133,0.9883,-0.1521,0,-0.1224,-0.1526,-0.9807,0,6.0087,38.989,-3.2719,1]},
{"frame":22,"values":[0.9934,-0.0319,-0.1105,0,0.0158,0.9895,-0.1439,0,-0.1139,-0.1412,-0.9834,0,6.5546,40.5776,-3.6124,1]},
{"frame":23,"values":[0.9942,-0.05,-0.0956,0,0.0366,0.9899,-0.1369,0,-0.1015,-0.1326,-0.986,0,7.0393,41.7934,-3.9164,1]},
{"frame":24,"values":[0.9954,-0.0585,-0.0753,0,0.0483,0.9901,-0.1315,0,-0.0823,-0.1273,-0.9884,0,7.4439,42.5477,-4.1559,1]},
{"frame":25,"values":[0.9967,-0.0619,-0.0521,0,0.0549,0.9904,-0.127,0,-0.0595,-0.1237,-0.9905,0,7.7627,42.8663,-4.4278,1]},
{"frame":26,"values":[0.9977,-0.0623,-0.028,0,0.0584,0.9907,-0.1228,0,-0.0353,-0.1209,-0.992,0,8.0113,42.7384,-4.7957,1]},
{"frame":27,"values":[0.9982,-0.0605,-0.0041,0,0.0596,0.9911,-0.119,0,-0.0113,-0.1186,-0.9929,0,8.2089,42.0435,-5.1785,1]},
{"frame":28,"values":[0.9982,-0.0572,0.0181,0,0.059,0.9915,-0.1159,0,0.0113,-0.1167,-0.9931,0,8.3764,40.6039,-5.3957,1]},
{"frame":29,"values":[0.998,-0.0511,0.0372,0,0.055,0.992,-0.1136,0,0.0311,-0.1154,-0.9928,0,8.4993,38.3824,-5.3544,1]},
{"frame":30,"values":[0.9979,-0.0411,0.0495,0,0.0466,0.9922,-0.1154,0,0.0444,-0.1175,-0.9921,0,8.3836,35.9798,-5.2069,1]},
{"frame":31,"values":[0.9978,-0.0288,0.0603,0,0.0359,0.9922,-0.1194,0,0.0564,-0.1213,-0.991,0,8.1226,33.5419,-5.0667,1]},
{"frame":32,"values":[0.9974,-0.0159,0.0696,0,0.0246,0.9917,-0.1258,0,0.0671,-0.1272,-0.9896,0,7.7234,31.2966,-5.0289,1]},
{"frame":33,"values":[0.997,-0.008,0.0765,0,0.0185,0.9904,-0.1371,0,0.0747,-0.1381,-0.9876,0,7.1547,30.0019,-4.8567,1]},
{"frame":34,"values":[0.9965,-0.0024,0.084,0,0.0151,0.9884,-0.1512,0,0.0827,-0.1519,-0.9849,0,6.5133,29.6349,-4.4915,1]},
{"frame":35,"values":[0.9958,0.0026,0.0918,0,0.0125,0.9865,-0.1632,0,0.091,-0.1636,-0.9823,0,5.9597,30.0188,-3.9224,1]},
{"frame":36,"values":[0.9951,0.0081,0.0984,0,0.0089,0.9852,-0.171,0,0.0983,-0.171,-0.9803,0,5.4858,31.1171,-3.2787,1]},
{"frame":37,"values":[0.9944,0.0169,0.1048,0,0.0018,0.9845,-0.1756,0,0.1061,-0.1748,-0.9789,0,5.0432,32.765,-2.6895,1]},
{"frame":38,"values":[0.9935,0.0295,0.11,0,-0.0095,0.9839,-0.1784,0,0.1135,-0.1762,-0.9778,0,4.5942,34.6847,-2.1929,1]},
{"frame":39,"values":[0.9927,0.0446,0.1116,0,-0.024,0.9835,-0.1794,0,0.1178,-0.1755,-0.9774,0,4.1345,36.6643,-1.7442,1]},
{"frame":40,"values":[0.9919,0.0592,0.1121,0,-0.0387,0.9835,-0.1769,0,0.1207,-0.1712,-0.9778,0,3.6864,38.5139,-1.3138,1]},
{"frame":41,"values":[0.9913,0.0733,0.1094,0,-0.0539,0.9839,-0.1705,0,0.1201,-0.1631,-0.9793,0,3.2549,40.0941,-0.8958,1]},
{"frame":42,"values":[0.9909,0.0869,0.1031,0,-0.0707,0.9859,-0.1514,0,0.1148,-0.1427,-0.9831,0,2.832,41.3297,-0.4325,1]},
{"frame":43,"values":[0.9905,0.099,0.0955,0,-0.0864,0.9881,-0.1275,0,0.107,-0.118,-0.9872,0,2.4352,42.1599,0.0648,1]}],"loopBehavior":1,"name":"anim","property":"_matrix"}},
{"name":"mixamorig:Spine","index":1,"matrix":[0.9997,0.0032,-0.0234,0,-0.0009,0.9954,0.0956,0,0.0236,-0.0955,0.9951,0,0.0059,5.0175,-0.4786,1],"rest":[1,0,0,0,0,1,0,0,0,0,1,0,0.0059,5.0175,-0.4786,1],"parentBoneIndex":0,"length":5.8803
,"animation":{"dataType":3,"framePerSecond":30,"keys":[
{"frame":1,"values":[0.9997,0.0032,-0.0234,0,-0.0009,0.9954,0.0956,0,0.0236,-0.0955,0.9951,0,0.0059,5.0175,-0.4786,1]},
{"frame":2,"values":[0.9994,-0.0031,-0.0334,0,0.0064,0.995,0.0992,0,0.033,-0.0994,0.9945,0,0.0059,5.0175,-0.4786,1]},
{"frame":3,"values":[0.9991,-0.0072,-0.0416,0,0.0114,0.9947,0.1022,0,0.0407,-0.1026,0.9939,0,0.0059,5.0175,-0.4786,1]},
{"frame":4,"values":[0.9988,-0.0099,-0.0486,0,0.0149,0.9945,0.1037,0,0.0473,-0.1042,0.9934,0,0.0059,5.0175,-0.4786,1]},
{"frame":5,"values":[0.9984,-0.0124,-0.0549,0,0.0181,0.9944,0.1039,0,0.0533,-0.1048,0.9931,0,0.0059,5.0175,-0.4786,1]},
{"frame":6,"values":[0.998,-0.0157,-0.0605,0,0.0219,0.9944,0.1038,0,0.0585,-0.1049,0.9928,0,0.0059,5.0175,-0.4786,1]},
{"frame":7,"values":[0.9977,-0.0179,-0.0654,0,0.0246,0.9943,0.1037,0,0.0632,-0.105,0.9925,0,0.0059,5.0175,-0.4786,1]},
{"frame":8,"values":[0.9974,-0.017,-0.0705,0,0.0243,0.9943,0.1038,0,0.0684,-0.1052,0.9921,0,0.0059,5.0175,-0.4786,1]},
{"frame":9,"values":[0.997,-0.0157,-0.0756,0,0.0236,0.9943,0.1044,0,0.0735,-0.1058,0.9917,0,0.0059,5.0175,-0.4786,1]},
{"frame":10,"values":[0.9967,-0.0176,-0.0799,0,0.026,0.9941,0.1054,0,0.0775,-0.1071,0.9912,0,0.0059,5.0175,-0.4786,1]},
{"frame":11,"values":[0.9963,-0.024,-0.0828,0,0.0328,0.9938,0.1058,0,0.0798,-0.1081,0.9909,0,0.0059,5.0175,-0.4786,1]},
{"frame":12,"values":[0.9959,-0.0308,-0.0851,0,0.0396,0.9937,0.1048,0,0.0814,-0.1077,0.9908,0,0.0059,5.0175,-0.4786,1]},
{"frame":13,"values":[0.9958,-0.0337,-0.0855,0,0.0425,0.9938,0.1031,0,0.0815,-0.1063,0.991,0,0.0059,5.0175,-0.4786,1]},
{"frame":14,"values":[0.9961,-0.0352,-0.081,0,0.0435,0.9937,0.1029,0,0.0768,-0.106,0.9914,0,0.0059,5.0175,-0.4786,1]},
{"frame":15,"values":[0.9967,-0.0347,-0.0728,0,0.0422,0.9936,0.1044,0,0.0687,-0.1072,0.9919,0,0.0059,5.0175,-0.4786,1]},
{"frame":16,"values":[0.9974,-0.0356,-0.0622,0,0.0421,0.9935,0.1057,0,0.058,-0.108,0.9925,0,0.0059,5.0175,-0.4786,1]},
{"frame":17,"values":[0.9981,-0.0366,-0.0499,0,0.0417,0.9936,0.105,0,0.0458,-0.1069,0.9932,0,0.0059,5.0175,-0.4786,1]},
{"frame":18,"values":[0.9987,-0.0347,-0.036,0,0.0382,0.994,0.1029,0,0.0322,-0.1042,0.994,0,0.0059,5.0175,-0.4786,1]},
{"frame":19,"values":[0.9993,-0.0299,-0.0208,0,0.0319,0.9944,0.101,0,0.0177,-0.1016,0.9947,0,0.0059,5.0175,-0.4786,1]},
{"frame":20,"values":[0.9997,-0.0246,-0.0056,0,0.0251,0.9947,0.0993,0,0.0031,-0.0995,0.995,0,0.0059,5.0175,-0.4786,1]},
{"frame":21,"values":[0.9998,-0.0202,0.0087,0,0.0193,0.9951,0.0973,0,-0.0106,-0.0971,0.9952,0,0.0059,5.0175,-0.4786,1]},
{"frame":22,"values":[0.9996,-0.0165,0.0221,0,0.0144,0.9954,0.0944,0,-0.0236,-0.094,0.9953,0,0.0059,5.0175,-0.4786,1]},
{"frame":23,"values":[0.9993,-0.0127,0.0349,0,0.0095,0.9958,0.0911,0,-0.0359,-0.0907,0.9952,0,0.0059,5.0175,-0.4786,1]},
{"frame":24,"values":[0.9989,-0.0076,0.0466,0,0.0033,0.9958,0.0912,0,-0.0471,-0.0909,0.9947,0,0.0059,5.0175,-0.4786,1]},
{"frame":25,"values":[0.9984,-0.0018,0.0564,0,-0.0034,0.9957,0.0925,0,-0.0564,-0.0926,0.9941,0,0.0059,5.0175,-0.4786,1]},
{"frame":26,"values":[0.998,0.0057,0.0626,0,-0.0116,0.9954,0.0947,0,-0.0618,-0.0952,0.9935,0,0.0059,5.0175,-0.4786,1]},
{"frame":27,"values":[0.9978,0.0141,0.0653,0,-0.0205,0.9951,0.0972,0,-0.0636,-0.0984,0.9931,0,0.0059,5.0175,-0.4786,1]},
{"frame":28,"values":[0.9975,0.0231,0.0666,0,-0.0297,0.9946,0.0999,0,-0.0639,-0.1017,0.9928,0,0.0059,5.0175,-0.4786,1]},
{"frame":29,"values":[0.9973,0.0309,0.067,0,-0.0376,0.994,0.1024,0,-0.0634,-0.1046,0.9925,0,0.0059,5.0175,-0.4786,1]},
{"frame":30,"values":[0.9972,0.0334,0.0672,0,-0.0403,0.9938,0.1039,0,-0.0633,-0.1064,0.9923,0,0.0059,5.0175,-0.4786,1]},
{"frame":31,"values":[0.9972,0.0326,0.068,0,-0.0397,0.9936,0.1053,0,-0.0641,-0.1077,0.9921,0,0.0059,5.0175,-0.4786,1]},
{"frame":32,"values":[0.9972,0.03,0.0688,0,-0.0372,0.9936,0.1067,0,-0.0652,-0.109,0.9919,0,0.0059,5.0175,-0.4786,1]},
{"frame":33,"values":[0.9973,0.0291,0.0677,0,-0.0364,0.9934,0.1086,0,-0.0641,-0.1107,0.9918,0,0.0059,5.0175,-0.4786,1]},
{"frame":34,"values":[0.9974,0.0295,0.0654,0,-0.0367,0.9932,0.1107,0,-0.0617,-0.1128,0.9917,0,0.0059,5.0175,-0.4786,1]},
{"frame":35,"values":[0.9976,0.0318,0.0609,0,-0.0385,0.9929,0.1127,0,-0.0569,-0.1147,0.9918,0,0.0059,5.0175,-0.4786,1]},
{"frame":36,"values":[0.998,0.0347,0.0526,0,-0.0405,0.9926,0.1141,0,-0.0483,-0.116,0.9921,0,0.0059,5.0175,-0.4786,1]},
{"frame":37,"values":[0.9984,0.0363,0.0424,0,-0.041,0.9926,0.1142,0,-0.0379,-0.1158,0.9926,0,0.0059,5.0175,-0.4786,1]},
{"frame":38,"values":[0.9989,0.0351,0.0321,0,-0.0385,0.9929,0.1125,0,-0.0279,-0.1137,0.9931,0,0.0059,5.0175,-0.4786,1]},
{"frame":39,"values":[0.9992,0.0319,0.0223,0,-0.0341,0.9936,0.108,0,-0.0187,-0.1086,0.9939,0,0.0059,5.0175,-0.4786,1]},
{"frame":40,"values":[0.9996,0.0245,0.012,0,-0.0255,0.9945,0.1013,0,-0.0095,-0.1015,0.9948,0,0.0059,5.0175,-0.4786,1]},
{"frame":41,"values":[0.9998,0.018,0.0007,0,-0.018,0.9953,0.0956,0,0.0011,-0.0956,0.9954,0,0.0059,5.0175,-0.4786,1]},
{"frame":42,"values":[0.9999,0.0109,-0.0116,0,-0.0097,0.9956,0.0937,0,0.0126,-0.0935,0.9955,0,0.0059,5.0175,-0.4786,1]},
{"frame":43,"values":[0.9997,0.0032,-0.0235,0,-0.0009,0.9954,0.0956,0,0.0237,-0.0955,0.9951,0,0.0059,5.0175,-0.4786,1]}],"loopBehavior":1,"name":"anim","property":"_matrix"}},
{"name":"mixamorig:Spine1","index":2,"matrix":[0.9985,-0.0296,-0.046,0,0.0376,0.9819,0.1857,0,0.0397,-0.1871,0.9815,0,0.007,5.8537,-0.5583,1],"rest":[1,0,0,0,0,1,0,0,0,0,1,0,0.007,5.8537,-0.5583,1],"parentBoneIndex":1,"length":6.7204
,"animation":{"dataType":3,"framePerSecond":30,"keys":[
{"frame":1,"values":[0.9985,-0.0296,-0.046,0,0.0376,0.9819,0.1857,0,0.0397,-0.1871,0.9815,0,0.007,5.8537,-0.5583,1]},
{"frame":2,"values":[0.9969,-0.0387,-0.0684,0,0.0512,0.9799,0.1928,0,0.0596,-0.1957,0.9789,0,0.007,5.8537,-0.5583,1]},
{"frame":3,"values":[0.9953,-0.0442,-0.086,0,0.0606,0.9782,0.1988,0,0.0753,-0.2031,0.9763,0,0.007,5.8537,-0.5583,1]},
{"frame":4,"values":[0.9938,-0.0466,-0.1005,0,0.0662,0.9772,0.2019,0,0.0888,-0.2073,0.9742,0,0.007,5.8537,-0.5583,1]},
{"frame":5,"values":[0.9924,-0.0471,-0.1133,0,0.0695,0.9767,0.2029,0,0.1011,-0.2093,0.9726,0,0.007,5.8537,-0.5583,1]},
{"frame":6,"values":[0.9911,-0.047,-0.1242,0,0.0718,0.9765,0.2034,0,0.1117,-0.2105,0.9712,0,0.007,5.8537,-0.5583,1]},
{"frame":7,"values":[0.99,-0.0474,-0.1325,0,0.0741,0.9761,0.2045,0,0.1197,-0.2123,0.9699,0,0.007,5.8537,-0.5583,1]},
{"frame":8,"values":[0.9891,-0.0488,-0.1389,0,0.0772,0.9753,0.2068,0,0.1253,-0.2153,0.9685,0,0.007,5.8537,-0.5583,1]},
{"frame":9,"values":[0.9881,-0.0514,-0.145,0,0.0815,0.9743,0.2101,0,0.1305,-0.2194,0.9669,0,0.007,5.8537,-0.5583,1]},
{"frame":10,"values":[0.9867,-0.0557,-0.1525,0,0.0878,0.9732,0.2124,0,0.1366,-0.223,0.9652,0,0.007,5.8537,-0.5583,1]},
{"frame":11,"values":[0.985,-0.0637,-0.1602,0,0.0972,0.9726,0.2113,0,0.1423,-0.2237,0.9642,0,0.007,5.8537,-0.5583,1]},
{"frame":12,"values":[0.9835,-0.0757,-0.1644,0,0.1095,0.9722,0.207,0,0.1441,-0.2216,0.9644,0,0.007,5.8537,-0.5583,1]},
{"frame":13,"values":[0.9828,-0.0889,-0.1621,0,0.1215,0.9715,0.2033,0,0.1394,-0.2195,0.9656,0,0.007,5.8537,-0.5583,1]},
{"frame":14,"values":[0.9832,-0.098,-0.1539,0,0.1287,0.9705,0.2038,0,0.1294,-0.2202,0.9668,0,0.007,5.8537,-0.5583,1]},
{"frame":15,"values":[0.9848,-0.0999,-0.1423,0,0.1283,0.9698,0.2075,0,0.1173,-0.2226,0.9678,0,0.007,5.8537,-0.5583,1]},
{"frame":16,"values":[0.9872,-0.0952,-0.1281,0,0.1208,0.9703,0.2097,0,0.1043,-0.2225,0.9693,0,0.007,5.8537,-0.5583,1]},
{"frame":17,"values":[0.9903,-0.0861,-0.1095,0,0.1075,0.9723,0.2077,0,0.0886,-0.2175,0.972,0,0.007,5.8537,-0.5583,1]},
{"frame":18,"values":[0.9937,-0.0732,-0.0847,0,0.0892,0.9751,0.2032,0,0.0677,-0.2094,0.9755,0,0.007,5.8537,-0.5583,1]},
{"frame":19,"values":[0.9969,-0.0564,-0.054,0,0.0661,0.9778,0.1988,0,0.0416,-0.2017,0.9786,0,0.007,5.8537,-0.5583,1]},
{"frame":20,"values":[0.9991,-0.0365,-0.0205,0,0.0399,0.9793,0.1986,0,0.0128,-0.1992,0.9799,0,0.007,5.8537,-0.5583,1]},
{"frame":21,"values":[0.9998,-0.0161,0.0126,0,0.0133,0.98,0.1986,0,-0.0156,-0.1984,0.98,0,0.007,5.8537,-0.5583,1]},
{"frame":22,"values":[0.9991,0.0023,0.0433,0,-0.0108,0.98,0.1985,0,-0.0419,-0.1988,0.9791,0,0.007,5.8537,-0.5583,1]},
{"frame":23,"values":[0.9974,0.0174,0.0706,0,-0.0311,0.9797,0.198,0,-0.0657,-0.1997,0.9776,0,0.007,5.8537,-0.5583,1]},
{"frame":24,"values":[0.9952,0.0294,0.0937,0,-0.0475,0.9792,0.1972,0,-0.086,-0.2007,0.9759,0,0.007,5.8537,-0.5583,1]},
{"frame":25,"values":[0.993,0.039,0.1116,0,-0.0605,0.9787,0.1961,0,-0.1016,-0.2015,0.9742,0,0.007,5.8537,-0.5583,1]},
{"frame":26,"values":[0.9913,0.0452,0.1237,0,-0.0691,0.9781,0.1964,0,-0.1121,-0.2032,0.9727,0,0.007,5.8537,-0.5583,1]},
{"frame":27,"values":[0.9901,0.0499,0.1313,0,-0.0754,0.9773,0.1978,0,-0.1185,-0.2057,0.9714,0,0.007,5.8537,-0.5583,1]},
{"frame":28,"values":[0.9893,0.054,0.1357,0,-0.0807,0.9765,0.1997,0,-0.1217,-0.2085,0.9704,0,0.007,5.8537,-0.5583,1]},
{"frame":29,"values":[0.9887,0.0572,0.1384,0,-0.0847,0.9758,0.2016,0,-0.1235,-0.2111,0.9696,0,0.007,5.8537,-0.5583,1]},
{"frame":30,"values":[0.9885,0.0586,0.1392,0,-0.0864,0.9753,0.2033,0,-0.1239,-0.213,0.9692,0,0.007,5.8537,-0.5583,1]},
{"frame":31,"values":[0.9885,0.0592,0.1392,0,-0.0873,0.9748,0.2051,0,-0.1235,-0.2149,0.9688,0,0.007,5.8537,-0.5583,1]},
{"frame":32,"values":[0.9887,0.0592,0.138,0,-0.0873,0.9743,0.2075,0,-0.1222,-0.2172,0.9684,0,0.007,5.8537,-0.5583,1]},
{"frame":33,"values":[0.9893,0.0575,0.1341,0,-0.0853,0.9736,0.2118,0,-0.1183,-0.2209,0.9681,0,0.007,5.8537,-0.5583,1]},
{"frame":34,"values":[0.9904,0.0537,0.1273,0,-0.0807,0.9728,0.2172,0,-0.1122,-0.2254,0.9678,0,0.007,5.8537,-0.5583,1]},
{"frame":35,"values":[0.9917,0.0486,0.119,0,-0.0742,0.9724,0.2213,0,-0.105,-0.2283,0.9679,0,0.007,5.8537,-0.5583,1]},
{"frame":36,"values":[0.9933,0.0428,0.107,0,-0.0658,0.973,0.2213,0,-0.0947,-0.2269,0.9693,0,0.007,5.8537,-0.5583,1]},
{"frame":37,"values":[0.9951,0.0361,0.092,0,-0.0557,0.9738,0.2205,0,-0.0816,-0.2246,0.971,0,0.007,5.8537,-0.5583,1]},
{"frame":38,"values":[0.9968,0.0283,0.0751,0,-0.0441,0.975,0.2177,0,-0.067,-0.2203,0.9731,0,0.007,5.8537,-0.5583,1]},
{"frame":39,"values":[0.9982,0.0196,0.0564,0,-0.031,0.9774,0.2091,0,-0.051,-0.2104,0.9763,0,0.007,5.8537,-0.5583,1]},
{"frame":40,"values":[0.9994,0.0052,0.0339,0,-0.0118,0.9805,0.1964,0,-0.0322,-0.1967,0.9799,0,0.007,5.8537,-0.5583,1]},
{"frame":41,"values":[0.9999,-0.0065,0.0085,0,0.0048,0.9826,0.1855,0,-0.0095,-0.1854,0.9826,0,0.007,5.8537,-0.5583,1]},
{"frame":42,"values":[0.9997,-0.0181,-0.0193,0,0.0213,0.9831,0.1819,0,0.0157,-0.1822,0.9831,0,0.007,5.8537,-0.5583,1]},
{"frame":43,"values":[0.9985,-0.0295,-0.046,0,0.0376,0.9819,0.1857,0,0.0397,-0.1871,0.9815,0,0.007,5.8537,-0.5583,1]}],"loopBehavior":1,"name":"anim","property":"_matrix"}},
{"name":"mixamorig:Spine2","index":3,"matrix":[0.9985,-0.0293,-0.0461,0,0.0374,0.9819,0.1857,0,0.0398,-0.1871,0.9815,0,0.008,6.69,-0.6381,1],"rest":[1,0,0,0,0,1,0,0,0,0,1,0,0.008,6.69,-0.6381,1],"parentBoneIndex":2,"length":7.0372
,"animation":{"dataType":3,"framePerSecond":30,"keys":[
{"frame":1,"values":[0.9985,-0.0293,-0.0461,0,0.0374,0.9819,0.1857,0,0.0398,-0.1871,0.9815,0,0.008,6.69,-0.6381,1]},
{"frame":2,"values":[0.9969,-0.0384,-0.0685,0,0.051,0.9799,0.1928,0,0.0598,-0.1957,0.9788,0,0.008,6.69,-0.6381,1]},
{"frame":3,"values":[0.9953,-0.0438,-0.0862,0,0.0603,0.9782,0.1988,0,0.0756,-0.203,0.9762,0,0.008,6.69,-0.6381,1]},
{"frame":4,"values":[0.9938,-0.0462,-0.1007,0,0.0659,0.9772,0.2019,0,0.0891,-0.2073,0.9742,0,0.008,6.69,-0.6381,1]},
{"frame":5,"values":[0.9924,-0.0468,-0.1135,0,0.0693,0.9767,0.2029,0,0.1014,-0.2092,0.9726,0,0.008,6.69,-0.6381,1]},
{"frame":6,"values":[0.9911,-0.0468,-0.1243,0,0.0716,0.9765,0.2034,0,0.1119,-0.2105,0.9712,0,0.008,6.69,-0.6381,1]},
{"frame":7,"values":[0.99,-0.0474,-0.1326,0,0.0741,0.9761,0.2044,0,0.1198,-0.2122,0.9699,0,0.008,6.69,-0.6381,1]},
{"frame":8,"values":[0.9891,-0.0491,-0.1389,0,0.0775,0.9753,0.2067,0,0.1254,-0.2152,0.9685,0,0.008,6.69,-0.6381,1]},
{"frame":9,"values":[0.988,-0.052,-0.1451,0,0.0821,0.9743,0.2099,0,0.1304,-0.2193,0.9669,0,0.008,6.69,-0.6381,1]},
{"frame":10,"values":[0.9867,-0.0565,-0.1526,0,0.0886,0.9732,0.2121,0,0.1365,-0.2228,0.9653,0,0.008,6.69,-0.6381,1]},
{"frame":11,"values":[0.985,-0.0643,-0.1602,0,0.0978,0.9726,0.2111,0,0.1422,-0.2236,0.9642,0,0.008,6.69,-0.6381,1]},
{"frame":12,"values":[0.9835,-0.0761,-0.1643,0,0.1098,0.9722,0.207,0,0.144,-0.2216,0.9645,0,0.008,6.69,-0.6381,1]},
{"frame":13,"values":[0.9827,-0.0892,-0.1621,0,0.1217,0.9715,0.2032,0,0.1393,-0.2194,0.9656,0,0.008,6.69,-0.6381,1]},
{"frame":14,"values":[0.9832,-0.0985,-0.154,0,0.1291,0.9705,0.2035,0,0.1294,-0.22,0.9669,0,0.008,6.69,-0.6381,1]},
{"frame":15,"values":[0.9847,-0.1004,-0.1425,0,0.1288,0.9698,0.2071,0,0.1175,-0.2223,0.9679,0,0.008,6.69,-0.6381,1]},
{"frame":16,"values":[0.9871,-0.0956,-0.1284,0,0.1212,0.9703,0.2093,0,0.1046,-0.2221,0.9694,0,0.008,6.69,-0.6381,1]},
{"frame":17,"values":[0.9902,-0.0863,-0.11,0,0.1077,0.9723,0.2074,0,0.0891,-0.2172,0.9721,0,0.008,6.69,-0.6381,1]},
{"frame":18,"values":[0.9937,-0.0732,-0.0853,0,0.0893,0.9751,0.2029,0,0.0683,-0.2092,0.9755,0,0.008,6.69,-0.6381,1]},
{"frame":19,"values":[0.9969,-0.0564,-0.0547,0,0.0662,0.9778,0.1986,0,0.0423,-0.2016,0.9786,0,0.008,6.69,-0.6381,1]},
{"frame":20,"values":[0.9991,-0.0365,-0.0211,0,0.04,0.9793,0.1986,0,0.0134,-0.1993,0.9799,0,0.008,6.69,-0.6381,1]},
{"frame":21,"values":[0.9998,-0.0163,0.0123,0,0.0135,0.9799,0.199,0,-0.0153,-0.1988,0.9799,0,0.008,6.69,-0.6381,1]},
{"frame":22,"values":[0.9991,0.002,0.0432,0,-0.0106,0.9799,0.1991,0,-0.042,-0.1994,0.979,0,0.008,6.69,-0.6381,1]},
{"frame":23,"values":[0.9973,0.017,0.0708,0,-0.0309,0.9795,0.1989,0,-0.066,-0.2006,0.9775,0,0.008,6.69,-0.6381,1]},
{"frame":24,"values":[0.9951,0.029,0.0942,0,-0.0473,0.979,0.1982,0,-0.0864,-0.2017,0.9756,0,0.008,6.69,-0.6381,1]},
{"frame":25,"values":[0.9929,0.0387,0.1121,0,-0.0604,0.9785,0.1971,0,-0.1021,-0.2025,0.9739,0,0.008,6.69,-0.6381,1]},
{"frame":26,"values":[0.9912,0.0451,0.1242,0,-0.0692,0.9779,0.1973,0,-0.1125,-0.2041,0.9725,0,0.008,6.69,-0.6381,1]},
{"frame":27,"values":[0.99,0.0497,0.1317,0,-0.0755,0.9772,0.1984,0,-0.1188,-0.2064,0.9712,0,0.008,6.69,-0.6381,1]},
{"frame":28,"values":[0.9893,0.0538,0.1359,0,-0.0806,0.9764,0.2001,0,-0.122,-0.2089,0.9703,0,0.008,6.69,-0.6381,1]},
{"frame":29,"values":[0.9887,0.057,0.1386,0,-0.0845,0.9757,0.2019,0,-0.1237,-0.2113,0.9695,0,0.008,6.69,-0.6381,1]},
{"frame":30,"values":[0.9885,0.0582,0.1394,0,-0.0861,0.9753,0.2035,0,-0.1241,-0.2131,0.9691,0,0.008,6.69,-0.6381,1]},
{"frame":31,"values":[0.9885,0.0588,0.1392,0,-0.0869,0.9748,0.2053,0,-0.1236,-0.215,0.9688,0,0.008,6.69,-0.6381,1]},
{"frame":32,"values":[0.9887,0.0587,0.138,0,-0.0869,0.9743,0.2077,0,-0.1222,-0.2174,0.9684,0,0.008,6.69,-0.6381,1]},
{"frame":33,"values":[0.9894,0.057,0.1339,0,-0.0848,0.9736,0.2121,0,-0.1183,-0.2212,0.968,0,0.008,6.69,-0.6381,1]},
{"frame":34,"values":[0.9905,0.0532,0.127,0,-0.0802,0.9727,0.2176,0,-0.112,-0.2257,0.9677,0,0.008,6.69,-0.6381,1]},
{"frame":35,"values":[0.9918,0.0481,0.1187,0,-0.0737,0.9723,0.2217,0,-0.1047,-0.2286,0.9679,0,0.008,6.69,-0.6381,1]},
{"frame":36,"values":[0.9934,0.0424,0.1067,0,-0.0653,0.9729,0.2217,0,-0.0945,-0.2272,0.9693,0,0.008,6.69,-0.6381,1]},
{"frame":37,"values":[0.9951,0.0357,0.0918,0,-0.0553,0.9738,0.2208,0,-0.0815,-0.2248,0.971,0,0.008,6.69,-0.6381,1]},
{"frame":38,"values":[0.9968,0.028,0.075,0,-0.0437,0.975,0.2178,0,-0.067,-0.2204,0.9731,0,0.008,6.69,-0.6381,1]},
{"frame":39,"values":[0.9982,0.0193,0.0563,0,-0.0307,0.9774,0.2091,0,-0.051,-0.2105,0.9763,0,0.008,6.69,-0.6381,1]},
{"frame":40,"values":[0.9994,0.005,0.0339,0,-0.0116,0.9805,0.1964,0,-0.0322,-0.1967,0.9799,0,0.008,6.69,-0.6381,1]},
{"frame":41,"values":[0.9999,-0.0065,0.0084,0,0.0049,0.9826,0.1855,0,-0.0095,-0.1854,0.9826,0,0.008,6.69,-0.6381,1]},
{"frame":42,"values":[0.9997,-0.018,-0.0193,0,0.0212,0.9831,0.1819,0,0.0158,-0.1822,0.9831,0,0.008,6.69,-0.6381,1]},
{"frame":43,"values":[0.9985,-0.0293,-0.0461,0,0.0374,0.9819,0.1857,0,0.0398,-0.1871,0.9815,0,0.008,6.69,-0.6381,1]}],"loopBehavior":1,"name":"anim","property":"_matrix"}},
{"name":"mixamorig:Neck","index":4,"matrix":[0.9993,-0.0133,0.0363,0,0.0159,0.9971,-0.0747,0,-0.0352,0.0752,0.9965,0,0.009,7.5262,-0.7179,1],"rest":[1,0,0,0,0,1,0,0,0,0,1,0,0.009,7.5262,-0.7179,1],"parentBoneIndex":3,"length":3.4314
,"animation":{"dataType":3,"framePerSecond":30,"keys":[
{"frame":1,"values":[0.9993,-0.0133,0.0363,0,0.0159,0.9971,-0.0747,0,-0.0352,0.0752,0.9965,0,0.009,7.5262,-0.7179,1]},
{"frame":2,"values":[0.999,-0.0157,0.0414,0,0.019,0.9966,-0.0799,0,-0.04,0.0806,0.9959,0,0.009,7.5262,-0.7179,1]},
{"frame":3,"values":[0.9988,-0.017,0.0453,0,0.0209,0.996,-0.0865,0,-0.0437,0.0874,0.9952,0,0.009,7.5262,-0.7179,1]},
{"frame":4,"values":[0.9986,-0.0195,0.0484,0,0.024,0.9953,-0.0943,0,-0.0463,0.0953,0.9944,0,0.009,7.5262,-0.7179,1]},
{"frame":5,"values":[0.9985,-0.0226,0.0505,0,0.0277,0.9943,-0.1034,0,-0.0479,0.1046,0.9934,0,0.009,7.5262,-0.7179,1]},
{"frame":6,"values":[0.9983,-0.0259,0.0519,0,0.0317,0.993,-0.1137,0,-0.0486,0.1152,0.9922,0,0.009,7.5262,-0.7179,1]},
{"frame":7,"values":[0.9982,-0.0288,0.0527,0,0.0353,0.9915,-0.1254,0,-0.0487,0.127,0.9907,0,0.009,7.5262,-0.7179,1]},
{"frame":8,"values":[0.9981,-0.0308,0.0531,0,0.0379,0.9897,-0.138,0,-0.0483,0.1398,0.989,0,0.009,7.5262,-0.7179,1]},
{"frame":9,"values":[0.9981,-0.0316,0.053,0,0.0393,0.9877,-0.1511,0,-0.0475,0.1529,0.9871,0,0.009,7.5262,-0.7179,1]},
{"frame":10,"values":[0.9982,-0.0309,0.0523,0,0.0391,0.9857,-0.1638,0,-0.0465,0.1656,0.9851,0,0.009,7.5262,-0.7179,1]},
{"frame":11,"values":[0.9983,-0.0287,0.0511,0,0.0373,0.9838,-0.1754,0,-0.0453,0.177,0.9832,0,0.009,7.5262,-0.7179,1]},
{"frame":12,"values":[0.9985,-0.0255,0.0491,0,0.0341,0.9822,-0.1847,0,-0.0435,0.1861,0.9816,0,0.009,7.5262,-0.7179,1]},
{"frame":13,"values":[0.9987,-0.0215,0.046,0,0.0299,0.9812,-0.1908,0,-0.041,0.192,0.9805,0,0.009,7.5262,-0.7179,1]},
{"frame":14,"values":[0.999,-0.0174,0.0418,0,0.0252,0.9809,-0.193,0,-0.0376,0.1938,0.9803,0,0.009,7.5262,-0.7179,1]},
{"frame":15,"values":[0.9993,-0.0138,0.0362,0,0.0204,0.9815,-0.1904,0,-0.0329,0.191,0.981,0,0.009,7.5262,-0.7179,1]},
{"frame":16,"values":[0.9995,-0.0109,0.0292,0,0.0161,0.983,-0.1831,0,-0.0267,0.1835,0.9827,0,0.009,7.5262,-0.7179,1]},
{"frame":17,"values":[0.9997,-0.0092,0.0209,0,0.0126,0.9852,-0.1712,0,-0.019,0.1714,0.985,0,0.009,7.5262,-0.7179,1]},
{"frame":18,"values":[0.9999,-0.0085,0.0113,0,0.0102,0.9878,-0.1553,0,-0.0099,0.1554,0.9878,0,0.009,7.5262,-0.7179,1]},
{"frame":19,"values":[1,-0.0087,0.0009,0,0.0088,0.9906,-0.1367,0,0.0003,0.1367,0.9906,0,0.009,7.5262,-0.7179,1]},
{"frame":20,"values":[0.9999,-0.0095,-0.0101,0,0.0082,0.9931,-0.1166,0,0.0111,0.1165,0.9931,0,0.009,7.5262,-0.7179,1]},
{"frame":21,"values":[0.9997,-0.0103,-0.0209,0,0.0082,0.9953,-0.0969,0,0.0218,0.0967,0.9951,0,0.009,7.5262,-0.7179,1]},
{"frame":22,"values":[0.9995,-0.0108,-0.0311,0,0.0083,0.9968,-0.0793,0,0.0319,0.079,0.9964,0,0.009,7.5262,-0.7179,1]},
{"frame":23,"values":[0.9991,-0.0105,-0.04,0,0.0078,0.9978,-0.0653,0,0.0406,0.0649,0.9971,0,0.009,7.5262,-0.7179,1]},
{"frame":24,"values":[0.9989,-0.0092,-0.047,0,0.0065,0.9984,-0.0561,0,0.0474,0.0558,0.9973,0,0.009,7.5262,-0.7179,1]},
{"frame":25,"values":[0.9986,-0.0068,-0.0517,0,0.0041,0.9986,-0.0527,0,0.052,0.0525,0.9973,0,0.009,7.5262,-0.7179,1]},
{"frame":26,"values":[0.9985,-0.0033,-0.0543,0,0.0003,0.9985,-0.0553,0,0.0544,0.0552,0.997,0,0.009,7.5262,-0.7179,1]},
{"frame":27,"values":[0.9985,0.0011,-0.0547,0,-0.0046,0.998,-0.0636,0,0.0545,0.0638,0.9965,0,0.009,7.5262,-0.7179,1]},
{"frame":28,"values":[0.9986,0.0061,-0.0534,0,-0.0102,0.997,-0.0768,0,0.0528,0.0773,0.9956,0,0.009,7.5262,-0.7179,1]},
{"frame":29,"values":[0.9986,0.0113,-0.0508,0,-0.016,0.9955,-0.0935,0,0.0495,0.0942,0.9943,0,0.009,7.5262,-0.7179,1]},
{"frame":30,"values":[0.9987,0.0161,-0.0474,0,-0.0213,0.9935,-0.1121,0,0.0453,0.113,0.9926,0,0.009,7.5262,-0.7179,1]},
{"frame":31,"values":[0.9988,0.02,-0.0436,0,-0.0255,0.9911,-0.1307,0,0.0406,0.1317,0.9905,0,0.009,7.5262,-0.7179,1]},
{"frame":32,"values":[0.999,0.0224,-0.0394,0,-0.028,0.9887,-0.1476,0,0.0357,0.1485,0.9883,0,0.009,7.5262,-0.7179,1]},
{"frame":33,"values":[0.9991,0.0231,-0.035,0,-0.0285,0.9865,-0.1611,0,0.0308,0.162,0.9863,0,0.009,7.5262,-0.7179,1]},
{"frame":34,"values":[0.9993,0.022,-0.0302,0,-0.0268,0.985,-0.1702,0,0.026,0.1709,0.9849,0,0.009,7.5262,-0.7179,1]},
{"frame":35,"values":[0.9995,0.0191,-0.025,0,-0.0231,0.9844,-0.1743,0,0.0213,0.1748,0.9844,0,0.009,7.5262,-0.7179,1]},
{"frame":36,"values":[0.9997,0.0148,-0.0193,0,-0.0179,0.9847,-0.1731,0,0.0164,0.1734,0.9847,0,0.009,7.5262,-0.7179,1]},
{"frame":37,"values":[0.9999,0.0096,-0.0129,0,-0.0116,0.9859,-0.167,0,0.0111,0.1671,0.9859,0,0.009,7.5262,-0.7179,1]},
{"frame":38,"values":[1,0.0041,-0.006,0,-0.005,0.9876,-0.1568,0,0.0053,0.1568,0.9876,0,0.009,7.5262,-0.7179,1]},
{"frame":39,"values":[1,-0.0011,0.0015,0,0.0013,0.9896,-0.1435,0,-0.0014,0.1436,0.9896,0,0.009,7.5262,-0.7179,1]},
{"frame":40,"values":[0.9999,-0.0055,0.0096,0,0.0067,0.9917,-0.1285,0,-0.0088,0.1285,0.9917,0,0.009,7.5262,-0.7179,1]},
{"frame":41,"values":[0.9998,-0.0088,0.0181,0,0.0108,0.9935,-0.1129,0,-0.017,0.1131,0.9934,0,0.009,7.5262,-0.7179,1]},
{"frame":42,"values":[0.9996,-0.0107,0.0269,0,0.0133,0.9951,-0.0981,0,-0.0258,0.0984,0.9948,0,0.009,7.5262,-0.7179,1]},
{"frame":43,"values":[0.9993,-0.0133,0.0363,0,0.0159,0.9971,-0.0747,0,-0.0352,0.0752,0.9965,0,0.009,7.5262,-0.7179,1]}],"loopBehavior":1,"name":"anim","property":"_matrix"}},
{"name":"mixamorig:Head","index":5,"matrix":[0.9822,0.0193,0.1866,0,0.0433,0.9445,-0.3256,0,-0.1825,0.3279,0.9269,0,0,3.4047,0.4269,1],"rest":[1,0,0,0,0,1,0,0,0,0,1,0,0,3.4047,0.4269,1],"parentBoneIndex":4,"length":10.3237
,"animation":{"dataType":3,"framePerSecond":30,"keys":[
{"frame":1,"values":[0.9822,0.0193,0.1866,0,0.0433,0.9445,-0.3256,0,-0.1825,0.3279,0.9269,0,0,3.4047,0.4269,1]},
{"frame":2,"values":[0.9764,0.0415,0.2119,0,0.0312,0.944,-0.3284,0,-0.2137,0.3273,0.9204,0,0,3.4047,0.4269,1]},
{"frame":3,"values":[0.971,0.0627,0.2307,0,0.0193,0.9412,-0.3373,0,-0.2383,0.332,0.9127,0,0,3.4047,0.4269,1]},
{"frame":4,"values":[0.9661,0.0818,0.245,0,0.0093,0.9368,-0.3497,0,-0.2582,0.3401,0.9043,0,0,3.4047,0.4269,1]},
{"frame":5,"values":[0.9619,0.0992,0.2547,0,0.0008,0.9308,-0.3654,0,-0.2733,0.3517,0.8953,0,0,3.4047,0.4269,1]},
{"frame":6,"values":[0.9588,0.1154,0.2598,0,-0.007,0.9232,-0.3842,0,-0.2841,0.3666,0.8859,0,0,3.4047,0.4269,1]},
{"frame":7,"values":[0.9566,0.1307,0.2605,0,-0.0145,0.914,-0.4054,0,-0.2911,0.384,0.8762,0,0,3.4047,0.4269,1]},
{"frame":8,"values":[0.9553,0.1455,0.2573,0,-0.0223,0.9035,-0.428,0,-0.2948,0.4031,0.8664,0,0,3.4047,0.4269,1]},
{"frame":9,"values":[0.9549,0.1595,0.2506,0,-0.0307,0.8921,-0.4507,0,-0.2954,0.4227,0.8568,0,0,3.4047,0.4269,1]},
{"frame":10,"values":[0.9552,0.1722,0.2406,0,-0.0398,0.8806,-0.4722,0,-0.2931,0.4415,0.848,0,0,3.4047,0.4269,1]},
{"frame":11,"values":[0.9564,0.1829,0.2276,0,-0.0495,0.8698,-0.4908,0,-0.2877,0.4582,0.841,0,0,3.4047,0.4269,1]},
{"frame":12,"values":[0.9586,0.1903,0.2118,0,-0.0593,0.8609,-0.5053,0,-0.2785,0.4718,0.8366,0,0,3.4047,0.4269,1]},
{"frame":13,"values":[0.9619,0.1934,0.1931,0,-0.0686,0.8549,-0.5143,0,-0.2645,0.4815,0.8356,0,0,3.4047,0.4269,1]},
{"frame":14,"values":[0.9666,0.1909,0.171,0,-0.0769,0.8525,-0.517,0,-0.2445,0.4866,0.8387,0,0,3.4047,0.4269,1]},
{"frame":15,"values":[0.9725,0.182,0.1451,0,-0.0833,0.8542,-0.5132,0,-0.2174,0.487,0.8459,0,0,3.4047,0.4269,1]},
{"frame":16,"values":[0.9794,0.1663,0.1148,0,-0.0871,0.8599,-0.503,0,-0.1824,0.4826,0.8566,0,0,3.4047,0.4269,1]},
{"frame":17,"values":[0.9864,0.1441,0.0796,0,-0.0877,0.8688,-0.4873,0,-0.1394,0.4737,0.8696,0,0,3.4047,0.4269,1]},
{"frame":18,"values":[0.9924,0.1164,0.0393,0,-0.0847,0.8799,-0.4675,0,-0.089,0.4606,0.8831,0,0,3.4047,0.4269,1]},
{"frame":19,"values":[0.9964,0.0845,-0.0052,0,-0.078,0.892,-0.4453,0,-0.033,0.4441,0.8954,0,0,3.4047,0.4269,1]},
{"frame":20,"values":[0.9974,0.0503,-0.0525,0,-0.0678,0.9037,-0.4228,0,0.0262,0.4253,0.9047,0,0,3.4047,0.4269,1]},
{"frame":21,"values":[0.9948,0.0156,-0.1003,0,-0.0548,0.914,-0.4021,0,0.0854,0.4055,0.9101,0,0,3.4047,0.4269,1]},
{"frame":22,"values":[0.9892,-0.0181,-0.1458,0,-0.0398,0.9222,-0.3846,0,0.1414,0.3863,0.9115,0,0,3.4047,0.4269,1]},
{"frame":23,"values":[0.9813,-0.0495,-0.1861,0,-0.0237,0.9281,-0.3716,0,0.1911,0.3691,0.9095,0,0,3.4047,0.4269,1]},
{"frame":24,"values":[0.9727,-0.0778,-0.2188,0,-0.0073,0.9315,-0.3635,0,0.2321,0.3552,0.9055,0,0,3.4047,0.4269,1]},
{"frame":25,"values":[0.9647,-0.1025,-0.2425,0,0.0086,0.9328,-0.3602,0,0.2631,0.3454,0.9008,0,0,3.4047,0.4269,1]},
{"frame":26,"values":[0.9587,-0.1235,-0.2564,0,0.0235,0.9323,-0.361,0,0.2836,0.34,0.8966,0,0,3.4047,0.4269,1]},
{"frame":27,"values":[0.9551,-0.1405,-0.2608,0,0.0371,0.9302,-0.365,0,0.2939,0.339,0.8937,0,0,3.4047,0.4269,1]},
{"frame":28,"values":[0.9542,-0.1536,-0.2568,0,0.0493,0.9272,-0.3714,0,0.2951,0.3417,0.8922,0,0,3.4047,0.4269,1]},
{"frame":29,"values":[0.9555,-0.163,-0.2458,0,0.06,0.9234,-0.3791,0,0.2887,0.3475,0.8921,0,0,3.4047,0.4269,1]},
{"frame":30,"values":[0.9586,-0.1688,-0.2294,0,0.0693,0.9194,-0.3873,0,0.2763,0.3553,0.893,0,0,3.4047,0.4269,1]},
{"frame":31,"values":[0.9627,-0.1716,-0.2093,0,0.0772,0.9154,-0.3951,0,0.2593,0.3642,0.8945,0,0,3.4047,0.4269,1]},
{"frame":32,"values":[0.9674,-0.1714,-0.1866,0,0.084,0.9119,-0.4018,0,0.239,0.373,0.8965,0,0,3.4047,0.4269,1]},
{"frame":33,"values":[0.9723,-0.1685,-0.1621,0,0.0897,0.9091,-0.4069,0,0.216,0.381,0.899,0,0,3.4047,0.4269,1]},
{"frame":34,"values":[0.9772,-0.163,-0.1363,0,0.0942,0.9073,-0.4097,0,0.1905,0.3875,0.902,0,0,3.4047,0.4269,1]},
{"frame":35,"values":[0.9819,-0.1546,-0.1091,0,0.0972,0.9069,-0.4099,0,0.1623,0.3919,0.9056,0,0,3.4047,0.4269,1]},
{"frame":36,"values":[0.9865,-0.1431,-0.0803,0,0.0986,0.908,-0.4072,0,0.1312,0.3937,0.9098,0,0,3.4047,0.4269,1]},
{"frame":37,"values":[0.9905,-0.1281,-0.0494,0,0.0978,0.9106,-0.4015,0,0.0964,0.3929,0.9145,0,0,3.4047,0.4269,1]},
{"frame":38,"values":[0.9938,-0.1097,-0.0161,0,0.0946,0.9146,-0.3933,0,0.0579,0.3893,0.9193,0,0,3.4047,0.4269,1]},
{"frame":39,"values":[0.9959,-0.0878,0.0198,0,0.0887,0.9196,-0.3828,0,0.0154,0.383,0.9236,0,0,3.4047,0.4269,1]},
{"frame":40,"values":[0.9963,-0.063,0.0583,0,0.0802,0.9252,-0.3709,0,-0.0306,0.3742,0.9269,0,0,3.4047,0.4269,1]},
{"frame":41,"values":[0.9944,-0.0357,0.099,0,0.0691,0.9311,-0.3583,0,-0.0794,0.3631,0.9283,0,0,3.4047,0.4269,1]},
{"frame":42,"values":[0.99,-0.0068,0.1412,0,0.0558,0.9366,-0.3459,0,-0.1299,0.3503,0.9276,0,0,3.4047,0.4269,1]},
{"frame":43,"values":[0.9822,0.0193,0.1866,0,0.0433,0.9445,-0.3256,0,-0.1825,0.3279,0.9269,0,0,3.4047,0.4269,1]}],"loopBehavior":1,"name":"anim","property":"_matrix"}},
{"name":"mixamorig:HeadTop_End","index":6,"matrix":[1,0,0,0,0,1,0,0,0,0,1,0,0,10.2435,1.2843,1],"rest":[1,0,0,0,0,1,0,0,0,0,1,0,0,10.2435,1.2843,1],"parentBoneIndex":5,"length":10.3237
,"animation":{"dataType":3,"framePerSecond":30,"keys":[
{"frame":1,"values":[1,0,0,0,0,1,0,0,0,0,1,0,0,10.2435,1.2843,1]},
{"frame":5,"values":[1,0,0,0,0,1,0,0,0,0,1,0,0,10.2434,1.2843,1]},
{"frame":6,"values":[1,0,0,0,0,1,0,0,0,0,1,0,0,10.2435,1.2843,1]},
{"frame":20,"values":[1,0,0,0,0,1,0,0,0,0,1,0,0,10.2434,1.2843,1]},
{"frame":21,"values":[1,0,0,0,0,1,0,0,0,0,1,0,0,10.2435,1.2843,1]},
{"frame":24,"values":[1,0,0,0,0,1,0,0,0,0,1,0,0,10.2434,1.2843,1]},
{"frame":25,"values":[1,0,0,0,0,1,0,0,0,0,1,0,0,10.2435,1.2843,1]},
{"frame":33,"values":[1,0,0,0,0,1,0,0,0,0,1,0,0,10.2434,1.2843,1]},
{"frame":34,"values":[1,0,0,0,0,1,0,0,0,0,1,0,0,10.2435,1.2843,1]},
{"frame":43,"values":[1,0,0,0,0,1,0,0,0,0,1,0,0,10.2435,1.2843,1]}],"loopBehavior":1,"name":"anim","property":"_matrix"}},
{"name":"mixamorig:LeftShoulder","index":7,"matrix":[0.996,-0.0877,0.0167,0,0.0875,0.9961,0.0116,0,-0.0176,-0.0101,0.9998,0,2.9941,6.0397,-0.7023,1],"rest":[1,0,0,0,0,1,0,0,0,0,1,0,2.9941,6.0397,-0.7023,1],"parentBoneIndex":3,"length":6.6697
,"animation":{"dataType":3,"framePerSecond":30,"keys":[
{"frame":1,"values":[0.996,-0.0877,0.0167,0,0.0875,0.9961,0.0116,0,-0.0176,-0.0101,0.9998,0,2.9941,6.0397,-0.7023,1]},
{"frame":2,"values":[0.9945,-0.1034,0.0156,0,0.1032,0.9946,0.0122,0,-0.0168,-0.0106,0.9998,0,2.9941,6.0397,-0.7023,1]},
{"frame":3,"values":[0.992,-0.1262,0.008,0,0.1261,0.9919,0.012,0,-0.0095,-0.0109,0.9999,0,2.9941,6.0397,-0.7023,1]},
{"frame":4,"values":[0.989,-0.1478,-0.0038,0,0.1478,0.989,0.0108,0,0.0022,-0.0112,0.9999,0,2.9941,6.0397,-0.7023,1]},
{"frame":5,"values":[0.9865,-0.1632,-0.0136,0,0.1633,0.9865,0.0094,0,0.0119,-0.0115,0.9999,0,2.9941,6.0397,-0.7023,1]},
{"frame":6,"values":[0.9846,-0.1739,-0.0179,0,0.1741,0.9847,0.0088,0,0.0161,-0.0118,0.9998,0,2.9941,6.0397,-0.7023,1]},
{"frame":7,"values":[0.983,-0.1825,-0.0181,0,0.1827,0.9831,0.009,0,0.0162,-0.0122,0.9998,0,2.9941,6.0397,-0.7023,1]},
{"frame":8,"values":[0.9817,-0.1897,-0.0177,0,0.1899,0.9818,0.0093,0,0.0156,-0.0125,0.9998,0,2.9941,6.0397,-0.7023,1]},
{"frame":9,"values":[0.9803,-0.1966,-0.0191,0,0.1968,0.9804,0.0092,0,0.0169,-0.0128,0.9998,0,2.9941,6.0397,-0.7023,1]},
{"frame":10,"values":[0.9787,-0.2042,-0.0228,0,0.2045,0.9788,0.0085,0,0.0206,-0.013,0.9997,0,2.9941,6.0397,-0.7023,1]},
{"frame":11,"values":[0.9771,-0.2113,-0.0268,0,0.2116,0.9773,0.0078,0,0.0245,-0.0133,0.9996,0,2.9941,6.0397,-0.7023,1]},
{"frame":12,"values":[0.9767,-0.2127,-0.0276,0,0.213,0.977,0.0076,0,0.0254,-0.0133,0.9996,0,2.9941,6.0397,-0.7023,1]},
{"frame":13,"values":[0.9785,-0.2049,-0.0236,0,0.2051,0.9787,0.0083,0,0.0214,-0.013,0.9997,0,2.9941,6.0397,-0.7023,1]},
{"frame":14,"values":[0.9815,-0.1907,-0.0168,0,0.1908,0.9816,0.0096,0,0.0146,-0.0126,0.9998,0,2.9941,6.0397,-0.7023,1]},
{"frame":15,"values":[0.9843,-0.1762,-0.01,0,0.1763,0.9843,0.0106,0,0.008,-0.0122,0.9999,0,2.9941,6.0397,-0.7023,1]},
{"frame":16,"values":[0.9868,-0.1621,-0.0036,0,0.1622,0.9867,0.0115,0,0.0017,-0.0119,0.9999,0,2.9941,6.0397,-0.7023,1]},
{"frame":17,"values":[0.9896,-0.1436,0.0043,0,0.1435,0.9896,0.0122,0,-0.006,-0.0115,0.9999,0,2.9941,6.0397,-0.7023,1]},
{"frame":18,"values":[0.9928,-0.1191,0.0138,0,0.119,0.9928,0.0127,0,-0.0153,-0.011,0.9998,0,2.9941,6.0397,-0.7023,1]},
{"frame":19,"values":[0.9953,-0.0944,0.0236,0,0.0941,0.9955,0.013,0,-0.0247,-0.0107,0.9996,0,2.9941,6.0397,-0.7023,1]},
{"frame":20,"values":[0.9966,-0.0763,0.0324,0,0.0759,0.997,0.0132,0,-0.0333,-0.0107,0.9994,0,2.9941,6.0397,-0.7023,1]},
{"frame":21,"values":[0.9969,-0.0669,0.0405,0,0.0664,0.9977,0.0137,0,-0.0413,-0.011,0.9991,0,2.9941,6.0397,-0.7023,1]},
{"frame":22,"values":[0.997,-0.0613,0.0477,0,0.0607,0.9981,0.0143,0,-0.0485,-0.0114,0.9988,0,2.9941,6.0397,-0.7023,1]},
{"frame":23,"values":[0.9972,-0.0521,0.0544,0,0.0514,0.9986,0.0145,0,-0.0551,-0.0116,0.9984,0,2.9941,6.0397,-0.7023,1]},
{"frame":24,"values":[0.9975,-0.0353,0.0616,0,0.0345,0.9993,0.0139,0,-0.062,-0.0117,0.998,0,2.9941,6.0397,-0.7023,1]},
{"frame":25,"values":[0.9975,-0.0132,0.07,0,0.0123,0.9998,0.0128,0,-0.0702,-0.0119,0.9975,0,2.9941,6.0397,-0.7023,1]},
{"frame":26,"values":[0.9969,0.0074,0.0781,0,-0.0084,0.9999,0.0116,0,-0.078,-0.0122,0.9969,0,2.9941,6.0397,-0.7023,1]},
{"frame":27,"values":[0.9965,0.0196,0.0819,0,-0.0206,0.9997,0.0107,0,-0.0816,-0.0124,0.9966,0,2.9941,6.0397,-0.7023,1]},
{"frame":28,"values":[0.9968,0.0193,0.0776,0,-0.0202,0.9997,0.0102,0,-0.0774,-0.0118,0.9969,0,2.9941,6.0397,-0.7023,1]},
{"frame":29,"values":[0.9978,0.0077,0.0657,0,-0.0084,0.9999,0.0101,0,-0.0656,-0.0106,0.9978,0,2.9941,6.0397,-0.7023,1]},
{"frame":30,"values":[0.9985,-0.0101,0.0539,0,0.0095,0.9999,0.0104,0,-0.054,-0.0099,0.9985,0,2.9941,6.0397,-0.7023,1]},
{"frame":31,"values":[0.9986,-0.0282,0.0439,0,0.0277,0.9996,0.0109,0,-0.0442,-0.0096,0.999,0,2.9941,6.0397,-0.7023,1]},
{"frame":32,"values":[0.9983,-0.0446,0.0368,0,0.0442,0.999,0.0115,0,-0.0373,-0.0099,0.9993,0,2.9941,6.0397,-0.7023,1]},
{"frame":33,"values":[0.9978,-0.0535,0.039,0,0.0531,0.9985,0.0125,0,-0.0396,-0.0104,0.9992,0,2.9941,6.0397,-0.7023,1]},
{"frame":34,"values":[0.9973,-0.053,0.0515,0,0.0524,0.9985,0.0141,0,-0.0522,-0.0114,0.9986,0,2.9941,6.0397,-0.7023,1]},
{"frame":35,"values":[0.9965,-0.0527,0.0656,0,0.0518,0.9985,0.016,0,-0.0663,-0.0125,0.9977,0,2.9941,6.0397,-0.7023,1]},
{"frame":36,"values":[0.9959,-0.0553,0.0716,0,0.0542,0.9984,0.017,0,-0.0725,-0.013,0.9973,0,2.9941,6.0397,-0.7023,1]},
{"frame":37,"values":[0.9963,-0.0562,0.0647,0,0.0553,0.9983,0.0162,0,-0.0655,-0.0125,0.9978,0,2.9941,6.0397,-0.7023,1]},
